1 0 3
2 1 1
3 2 9
4 3 6
5 4 2
6 5 3
7 6 9
8 7 3
9 8 9
10 9 2
11 10 9
12 11 1
13 12 1
14 13 9
15 14 9
16 15 9
17 16 2
18 17 6
19 18 3
20 19 3
21 20 3
22 21 3
23 22 9
24 23 6
25 24 3
26 25 3
27 26 6
28 27 6
29 28 6
30 29 3
31 30 9
32 31 2
33 32 2
34 33 9
35 34 1
36 35 9
37 36 2
38 37 6
39 38 3
40 39 6
41 40 2
42 41 9
43 42 9
44 43 2
45 44 1
46 45 1
47 46 6
48 47 2
49 48 9
50 49 2
51 50 6
52 51 1
53 52 2
54 53 6
55 54 1
56 55 2
57 56 2
58 57 1
59 58 9
60 59 6
61 60 6
62 61 6
63 62 3
64 63 1
65 64 2
66 65 9
67 66 3
68 67 3
69 68 3
70 69 2
71 70 2
72 71 2
73 72 6
74 73 3
75 74 9
76 75 9
77 76 3
78 77 6
79 78 3
80 79 3
81 80 2
82 81 2
83 82 9
84 83 2
85 84 3
86 85 1
87 86 2
88 87 1
89 88 6
90 89 9
91 90 6
92 91 9
93 92 2
94 93 9
95 94 9
96 95 2
97 96 6
98 97 6
99 98 2
100 99 2
