1 0 9
2 1 6
3 2 9
4 3 6
5 4 9
6 5 9
7 6 9
8 7 6
9 8 1
10 9 6
11 10 9
12 11 6
13 12 2
14 13 3
15 14 1
16 15 1
17 16 6
18 17 6
19 18 1
20 19 9
21 20 1
22 21 9
23 22 2
24 23 1
25 24 6
26 25 2
27 26 3
28 27 6
29 28 9
30 29 3
31 30 1
32 31 9
33 32 1
34 33 6
35 34 6
36 35 3
37 36 6
38 37 2
39 38 9
40 39 3
41 40 9
42 41 2
43 42 1
44 43 6
45 44 2
46 45 6
47 46 9
48 47 6
49 48 1
50 49 9
51 50 1
52 51 1
53 52 3
54 53 1
55 54 6
56 55 9
57 56 9
58 57 3
59 58 2
60 59 6
61 60 1
62 61 3
63 62 2
64 63 2
65 64 3
66 65 9
67 66 2
68 67 6
69 68 6
70 69 6
71 70 2
72 71 1
73 72 2
74 73 3
75 74 2
76 75 9
77 76 1
78 77 2
79 78 2
80 79 2
81 80 3
82 81 6
83 82 2
84 83 6
85 84 3
86 85 6
87 86 9
88 87 6
89 88 1
90 89 1
91 90 2
92 91 6
93 92 3
94 93 3
95 94 6
96 95 3
97 96 1
98 97 6
99 98 3
100 99 1
